m 1.0 1.0 0.0 0.1 0.1 0.1 10. 0.0 0.0 0.0
s 0. 0 -80.0 8.
 
m 1.0 1.0 0.0 0.1 0.1 0.1 30. 0.0 0.0 0.0
s 20 0 -80.0 8.

m 1.0 1.0 0.0 0.1 0.1 0.1 60. 0.0 0.0 0.0
s 40 0 -80.0 8.
 
m 1.0 1.0 0.0 0.1 0.1 0.1 100. 0.0 0.0 0.0
s 60 0 -80.0 8.

m 1.0 1.0 0.0 0.1 0.1 0.1 200. 0.0 0.0 0.0
s 80 0 -80.0 8.



m 1.0 1.0 0.0 0.2 0.2 0.2 10. 0.0 0.0 0.0
s 0 20 -80.0 8.
 
m 1.0 1.0 0.0 0.2 0.2 0.2 30. 0.0 0.0 0.0
s 20 20 -80.0 8.

m 1.0 1.0 0.0 0.2 0.2 0.2 60. 0.0 0.0 0.0
s 40 20 -80.0 8.

m 1.0 1.0 0.0 0.2 0.2 0.2 100. 0.0 0.0 0.0
s 60 20 -80.0 8.

m 1.0 1.0 0.0 0.2 0.2 0.2 200. 0.0 0.0 0.0
s 80 20 -80.0 8.


 
m 1.0 1.0 0.0 0.3 0.3 0.3 10. 0.0 0.0 0.0
s 0 40 -80.0 8.

m 1.0 1.0 0.0 0.3 0.3 0.3 30. 0.0 0.0 0.0
s 20 40 -80.0 8.
 
m 1.0 1.0 0.0 0.3 0.3 0.3 60. 0.0 0.0 0.0
s 40 40 -80.0 8.
 
m 1.0 1.0 0.0 0.3 0.3 0.3 100. 0.0 0.0 0.0
s 60 40 -80.0 8. 

m 1.0 1.0 0.0 0.3 0.3 0.3 200. 0.0 0.0 0.0
s 80 40 -80.0 8. 


 
m 1.0 1.0 0.0 0.4 0.4 0.4 10. 0.0 0.0 0.0
s 0. 60 -80.0 8.0

m 1.0 1.0 0.0 0.4 0.4 0.4 30. 0.0 0.0 0.0
s 20 60 -80.0 8.0

m 1.0 1.0 0.0 0.4 0.4 0.4 60. 0.0 0.0 0.0
s 40.0 60 -80.0 8.0

m 1.0 1.0 0.0 0.4 0.4 0.4 100. 0.0 0.0 0.0
s 60.0 60 -80.0 8.0

m 1.0 1.0 0.0 0.4 0.4 0.4 200. 0.0 0.0 0.0
s 80.0 60 -80.0 8.0



m 1.0 1.0 0.0 0.4 0.5 0.5 10. 0.0 0.0 0.0
s 0. 80 -80.0 8.0

m 1.0 1.0 0.0 0.4 0.5 0.5 30. 0.0 0.0 0.0
s 20 80 -80.0 8.0

m 1.0 1.0 0.0 0.4 0.5 0.5 60. 0.0 0.0 0.0
s 40.0 80 -80.0 8.0

m 1.0 1.0 0.0 0.4 0.5 0.5 100. 0.0 0.0 0.0
s 60.0 80 -80.0 8.0

m 1.0 1.0 0.0 0.4 0.5 0.5 200. 0.0 0.0 0.0
s 80.0 80 -80.0 8.0

 
/ one point light
/ l p -40. 120. -46.6 1.0 1.0 1.0
l p -20. 100. 0.6 10000.0 10000.0 10000.0

/ one ambient light
l a .05 .05 .05
 
/ camera: pointing towards -Z, 35mmx25mm "film", 35mm focal length
/ making 160x120 pixels
c 44.2 39.3 80.6 0.0 0.0 -1.0 35.0 35.0 25.0 480 360
/ c 200. 222. 83. -.5 -.7 -.5 35.0 35.0 25.0 640 480
