/ one point light
l p -80. 120. -46.6 100000.0 100000.0 100000.0

/ camera: pointing towards -Z, 35mmx25mm 'film', 35mm focal length
/ making 160x120 pixels
/c 24.2 29.3 53.6 0.0 0.0 -1.0 35.0 35.0 25.0 640 480
c 100. 95. 100. -.4 -.3 -.5 35.0 35.0 25.0 500 357

/ blue
m 0.0 0.0 0.678 0.7 0.7 0.7 100. 0.5 0.5 0.5

p 0 1 0 19.5

/m 0.0 0.0 0.678 0.7 0.7 0.7 100. 0 0 0.5
s 0 37.071067811865476 -80 10
s -10 22.928932188134524 -90 10
s 10 22.928932188134524 -90 10
s -10 22.928932188134524 -70 10
s 10 22.928932188134524 -70 10
s -20 8.786796564403573 -100 10
s 0 8.786796564403573 -100 10
s 20 8.786796564403573 -100 10
s -20 8.786796564403573 -80 10
s 0 8.786796564403573 -80 10
s 20 8.786796564403573 -80 10
s -20 8.786796564403573 -60 10
s 0 8.786796564403573 -60 10
s 20 8.786796564403573 -60 10
s -30 -5.3553390593273775 -110 10
s -10 -5.3553390593273775 -110 10
s 10 -5.3553390593273775 -110 10
s 30 -5.3553390593273775 -110 10
s -30 -5.3553390593273775 -90 10
s -10 -5.3553390593273775 -90 10
s 10 -5.3553390593273775 -90 10
s 30 -5.3553390593273775 -90 10
s -30 -5.3553390593273775 -70 10
s -10 -5.3553390593273775 -70 10
s 10 -5.3553390593273775 -70 10
s 30 -5.3553390593273775 -70 10
s -30 -5.3553390593273775 -50 10
s -10 -5.3553390593273775 -50 10
s 10 -5.3553390593273775 -50 10
s 30 -5.3553390593273775 -50 10
s -40 -19.49747468305833 -120 10
s -20 -19.49747468305833 -120 10
s 0 -19.49747468305833 -120 10
s 20 -19.49747468305833 -120 10
s 40 -19.49747468305833 -120 10
s -40 -19.49747468305833 -100 10
s -20 -19.49747468305833 -100 10
s 0 -19.49747468305833 -100 10
s 20 -19.49747468305833 -100 10
s 40 -19.49747468305833 -100 10
s -40 -19.49747468305833 -80 10
s -20 -19.49747468305833 -80 10
s 0 -19.49747468305833 -80 10
s 20 -19.49747468305833 -80 10
s 40 -19.49747468305833 -80 10
s -40 -19.49747468305833 -60 10
s -20 -19.49747468305833 -60 10
s 0 -19.49747468305833 -60 10
s 20 -19.49747468305833 -60 10
s 40 -19.49747468305833 -60 10
s -40 -19.49747468305833 -40 10
s -20 -19.49747468305833 -40 10
s 0 -19.49747468305833 -40 10
s 20 -19.49747468305833 -40 10
s 40 -19.49747468305833 -40 10
s 4.2070625349879265 30 -526.0232015699148 10
s 524.3273582309484 30 887.5969844684005 10
s -782.494280487299 30 873.820900991559 10
s 305.2027262747288 30 -60.188999325037 10
s 48.11968840658665 30 -81.62111781537533 10
s 170.1247487217188 30 885.996153652668 10
s 902.6998318731785 30 529.239955432713 10
s 597.8456782177091 30 107.65370827168226 10
s 522.8423615917563 30 880.0445348769426 10
s 86.21984533965588 30 -486.7316837608814 10
s -937.4069292098284 30 -564.7258711233735 10
s -571.924215182662 30 -496.912954300642 10
s -228.48420310765505 30 338.8519697636366 10
s -221.2020605802536 30 -454.2095287889242 10
s 508.9455172419548 30 -1033.1196234747767 10
s -604.788706637919 30 -769.0017352998257 10
s 926.6941025853157 30 -893.9732955023646 10
s 543.5933377593756 30 165.9239363670349 10
s -776.5484778210521 30 803.0937054008245 10
s 367.094567976892 30 592.5486693903804 10
s 857.6865447685122 30 -114.16983503848314 10
s 825.3563791513443 30 528.3260141313076 10
s -400.2540595829487 30 -233.7145972251892 10
s -682.2873456403613 30 -375.2879313379526 10
s -925.037850625813 30 -633.4763243049383 10
s 931.5308853983879 30 -731.0978126898408 10
s 158.6476806551218 30 -1014.4083499163389 10
s 820.393742993474 30 -20.16937632113695 10
s -586.4596739411354 30 -897.8151166066527 10
s -15.471499413251877 30 314.0647067502141 10
s 380.90714160352945 30 -791.6102743893862 10
s 287.3794734477997 30 776.8208701908588 10
s 490.28125777840614 30 -290.8761053532362 10
s -472.73422311991453 30 -289.243580698967 10
s -870.3760746866465 30 -750.2863983809948 10
s 169.37804128974676 30 840.7372888922691 10
s 974.0470228716731 30 -124.0832506865263 10
s -197.70255591720343 30 145.94583686441183 10
s 478.96450478583574 30 1.623612903058529 10
s 74.0634212270379 30 -1048.22680067271 10
s 979.9490785226226 30 688.889844417572 10
s 443.93434282392263 30 -778.3209634199739 10
s 86.03401482105255 30 737.8927339613438 10
s -887.9150403663516 30 248.5273863002658 10
s 775.0753508880734 30 228.69783740490675 10
s 109.72188226878643 30 191.4107148349285 10
s -910.4172391816974 30 -318.96684125065804 10
s 830.3968785330653 30 -773.0539263412356 10
s 289.695986546576 30 -206.2710439041257 10
s -266.525162383914 30 -234.10953015089035 10
