/camera looking down -x
c 90 20 0 -1 0 0 20 15 15 500 500

/looking down -y
/c 0 90 0 0 -1 0 20 15 15 500 500

/-z
/c 0 0 90 0 0 -1 20 25 25 500 500

/totally shiny material
m .3 .3 1 .3 .3 .3 50 1.0 1.0 1.0

/lights
l a .15 .15 .15
l p -80. 120. -46.6 100000.0 100000.0 100000.0
l p 0 0 1000 100000.0 100000.0 100000.0
l p 0 -1000 0 100000.0 100000.0 100000.0
l p 1000 0 0 100000.0 100000.0 100000.0

/sphereflake
s 0 0 0 27

s 36 0 0 9
s 18 0 31 9
s -18 0 31 9
s -36 0 0 9
s -18 0 -31 9
s 18 0 -31 9
s 15.6 31.2 9 9
s -15.5 31.2 9 9
s 0 31 -15 9

s 36 -12 0 3
s 36 -6 10.33 3
s 36 6 10.33 3
s 36 12 0 3
s 36 6 -10.33 3
s 36 -6 -10.33 3
s 46.4 -5 3 3
s 46.4 5 3 3
s 46.33 0 -5 3

s 18.0 -12 -31.1769145362 3

s -18.0 -12 -31.1769145362 3

s -36.0 -12 -4.40858287376e-15 3

s -18.0 -12 31.1769145362 3

s 18.0 -12 31.1769145362 3

s 36.0 -12 8.81716574752e-15 3

s 26.9486404973 -6 -26.0104145362 3

s -9.0513595027 -6 -36.3434145362 3

s -36.0 -6 -10.333 3

s -26.9486404973 -6 26.0104145362 3

s 9.0513595027 -6 36.3434145362 3

s 36.0 -6 10.333 3

s 26.9486404973 6 -26.0104145362 3

s -9.0513595027 6 -36.3434145362 3

s -36.0 6 -10.333 3

s -26.9486404973 6 26.0104145362 3

s 9.0513595027 6 36.3434145362 3

s 36.0 6 10.333 3

s 18.0 12 -31.1769145362 3

s -18.0 12 -31.1769145362 3

s -36.0 12 -4.40858287376e-15 3

s -18.0 12 31.1769145362 3

s 18.0 12 31.1769145362 3

s 36.0 12 8.81716574752e-15 3

s 9.0513595027 6 -36.3434145362 3

s -26.9486404973 6 -26.0104145362 3

s -36.0 6 10.333 3

s -9.0513595027 6 36.3434145362 3

s 26.9486404973 6 26.0104145362 3

s 36.0 6 -10.333 3

s 9.0513595027 -6 -36.3434145362 3

s -26.9486404973 -6 -26.0104145362 3

s -36.0 -6 10.333 3

s -9.0513595027 -6 36.3434145362 3

s 26.9486404973 -6 26.0104145362 3

s 36.0 -6 -10.333 3

s 25.7980762114 -5 -38.6835787356 3

s -20.6019237886 -5 -41.6835787356 3

s -46.4 -5 -3.0 3

s -25.7980762114 -5 38.6835787356 3

s 20.6019237886 -5 41.6835787356 3

s 46.4 -5 3.0 3

s 25.7980762114 5 -38.6835787356 3

s -20.6019237886 5 -41.6835787356 3

s -46.4 5 -3.0 3

s -25.7980762114 5 38.6835787356 3

s 20.6019237886 5 41.6835787356 3

s 46.4 5 3.0 3

s 18.8348729811 0 -42.6229569573 3

s -27.4951270189 0 -37.6229569573 3

s -46.33 0 5.0 3

s -18.8348729811 0 42.6229569573 3

s 27.4951270189 0 37.6229569573 3

/START TEST 3 SPHERES
s 24.5884572681 25.1769145362 14.1961524227 3
s 1.73846984567e-15 25.1769145362 -28.3923048454 3
s -24.5884572681 25.1769145362 14.1961524227 3
s 14.9219572681 28.1769145362 20.5467167087 3
s 10.333 28.1769145362 -23.1961524227 3
s -25.2549572681 28.1769145362 2.64943571405 3
s 5.92195726812 34.1769145362 15.350564286 3
s 10.333 34.1769145362 -12.8038475773 3
s -16.2549572681 34.1769145362 -2.54671670866 3
s 6.58845726812 37.1769145362 3.80384757729 3
s 4.65821591213e-16 37.1769145362 -7.60769515459 3
s -6.58845726812 37.1769145362 3.80384757729 3
s 16.2549572681 34.1769145362 -2.54671670866 3
s -10.333 34.1769145362 -12.8038475773 3
s -5.92195726812 34.1769145362 15.350564286 3
s 25.2549572681 28.1769145362 2.64943571405 3
s -10.333 28.1769145362 -23.1961524227 3
s -14.9219572681 28.1769145362 20.5467167087 3
s 22.3417893678 37.6835787356 16.3631397208 3
s 3.0 37.6835787356 -27.5301270189 3
s -25.3417893678 37.6835787356 11.1669872981 3
s 14.8417893678 42.6835787356 12.0330127019 3
s 3.0 42.6835787356 -18.8698729811 3
s -17.8417893678 42.6835787356 6.83686027919 3
s 22.5614784787 40.1229569573 7.25237298108 3
s -5.0 40.1229569573 -23.165 3
s -17.5614784787 40.1229569573 15.9126270189 3

/size 1 spheres
s 25.2942286341 2.19615242271 -41.2749907476 1
s 28.1272286341 1.97415242271 -38.4846568966 1
s 28.6272286341 4.97415242271 -35.8865806852 1
s 26.2942286341 8.19615242271 -36.0788383249 1
s 23.4612286341 8.41815242271 -38.8691721759 1
s 22.9612286341 5.41815242271 -41.4672483872 1
s 28.5896847474 4.94845649827 -41.4954000954 1
s 29.0064347474 7.44895649827 -39.3299035733 1
s 26.780922252 7.52094816802 -41.5512467103 1
s 25.2942286341 -2.19615242271 -41.2749907476 1
s 22.9612286341 -5.41815242271 -41.4672483872 1
s 23.4612286341 -8.41815242271 -38.8691721759 1
s 26.2942286341 -8.19615242271 -36.0788383249 1
s 28.6272286341 -4.97415242271 -35.8865806852 1
s 28.1272286341 -1.97415242271 -38.4846568966 1
s 27.0896847474 -5.94845649827 -42.3614254992 1
s 27.5064347474 -8.44895649827 -40.1959289771 1
s 29.281422252 -5.85394816802 -40.1075823622 1
s 22.0 -4.65821591213e-16 -43.1769145362 1
s 20.0 3.444 -43.1769145362 1
s 16.0 3.444 -43.1769145362 1
s 14.0 -1.73846984567e-15 -43.1769145362 1
s 16.0 -3.444 -43.1769145362 1
s 20.0 -3.444 -43.1769145362 1
s 19.667 1.0 -46.6469145362 1
s 16.333 1.0 -46.6469145362 1
s 18.0 -1.667 -46.6209145362 1
s 29.0 6.0 -29.4448637287 1
s 29.4912957453 3.01740850937 -26.8518129211 1
s 27.4912957453 3.01740850937 -23.387711306 1
s 25.0 6.0 -22.5166604984 1
s 24.5087042547 8.98259149063 -25.109711306 1
s 26.5087042547 8.98259149063 -28.5738129211 1
s 30.8690127019 6.86897459622 -25.6718723861 1
s 29.2020127019 6.86897459622 -22.7845436899 1
s 28.8611678259 9.16566434811 -24.9062163682 1
s 29.0 -6.0 -29.4448637287 1
s 26.5087042547 -8.98259149063 -28.5738129211 1
s 24.5087042547 -8.98259149063 -25.109711306 1
s 25.0 -6.0 -22.5166604984 1
s 27.4912957453 -3.01740850937 -23.387711306 1
s 29.4912957453 -3.01740850937 -26.8518129211 1
s 30.0029872981 -8.60102540378 -26.1718723861 1
s 28.3359872981 -8.60102540378 -23.2845436899 1
s 30.3048321741 -6.27833565189 -24.0727163682 1
s 20.0 -12.0 -34.6410161514 1
s 16.0174085094 -12.0 -34.6309653438 1
s 14.0174085094 -12.0 -31.1668637287 1
s 16.0 -12.0 -27.7128129211 1
s 19.9825914906 -12.0 -27.7228637287 1
s 21.9825914906 -12.0 -31.1869653438 1
s 17.9674745962 -15.47 -33.1205788843 1
s 16.3004745962 -15.47 -30.2332501881 1
s 19.4436643481 -15.444 -30.3434145362 1
s 11.0 -6.0 -39.8371685741 1
s 8.50870425468 -3.01740850937 -38.9661177665 1
s 6.50870425468 -3.01740850937 -35.5020161514 1
s 7.0 -6.0 -32.9089653438 1
s 9.49129574532 -8.98259149063 -33.7800161514 1
s 11.4912957453 -8.98259149063 -37.2441177665 1
s 6.79798729811 -6.86897459622 -39.5692853826 1
s 5.13098729811 -6.86897459622 -36.6819566864 1
s 7.13883217405 -9.16566434811 -37.4476127043 1
s 11.0 6.0 -39.8371685741 1
s 11.4912957453 8.98259149063 -37.2441177665 1
s 9.49129574532 8.98259149063 -33.7800161514 1
s 7.0 6.0 -32.9089653438 1
s 6.50870425468 3.01740850937 -35.5020161514 1
s 8.50870425468 3.01740850937 -38.9661177665 1
s 7.66401270189 8.60102540378 -39.0692853826 1
s 5.99701270189 8.60102540378 -36.1819566864 1
s 5.69516782595 6.27833565189 -38.2811127043 1
s 20.0 12.0 -34.6410161514 1
s 21.9825914906 12.0 -31.1869653438 1
s 19.9825914906 12.0 -27.7228637287 1
s 16.0 12.0 -27.7128129211 1
s 14.0174085094 12.0 -31.1668637287 1
s 16.0174085094 12.0 -34.6309653438 1
s 19.6995254038 15.47 -32.1205788843 1
s 18.0325254038 15.47 -29.2332501881 1
s 16.5563356519 15.444 -32.0104145362 1
s -23.0980762114 2.19615242271 -42.54293994 1
s -19.2650762114 1.97415242271 -43.6012229834 1
s -16.7650762114 4.97415242271 -42.7351975797 1
s -18.0980762114 8.19615242271 -40.8108891325 1
s -21.9310762114 8.41815242271 -39.752606089 1
s -24.4310762114 5.41815242271 -40.6186314928 1
s -21.6412282491 4.94845649827 -45.5070933252 1
s -19.5574782491 7.44895649827 -44.7852611511 1
s -22.593974084 7.52094816802 -43.9685823622 1
s -23.0980762114 -2.19615242271 -42.54293994 1
s -24.4310762114 -5.41815242271 -40.6186314928 1
s -21.9310762114 -8.41815242271 -39.752606089 1
s -18.0980762114 -8.19615242271 -40.8108891325 1
s -16.7650762114 -4.97415242271 -42.7351975797 1
s -19.2650762114 -1.97415242271 -43.6012229834 1
s -23.1412282491 -5.94845649827 -44.6410679214 1
s -21.0574782491 -8.44895649827 -43.9192357473 1
s -20.093474084 -5.85394816802 -45.4122467103 1
s -26.3923048454 -4.65821591213e-16 -40.6410161514 1
s -27.3923048454 3.444 -38.9089653438 1
s -29.3923048454 3.444 -35.4448637287 1
s -30.3923048454 -1.73846984567e-15 -33.7128129211 1
s -29.3923048454 -3.444 -35.4448637287 1
s -27.3923048454 -3.444 -38.9089653438 1
s -30.5639129965 1.0 -40.3555788843 1
s -32.2309129965 1.0 -37.4682501881 1
s -31.374896336 -1.667 -38.8989145362 1
s -11.0 6.0 -39.8371685741 1
s -8.50870425468 3.01740850937 -38.9661177665 1
s -6.50870425468 3.01740850937 -35.5020161514 1
s -7.0 6.0 -32.9089653438 1
s -9.49129574532 8.98259149063 -33.7800161514 1
s -11.4912957453 8.98259149063 -37.2441177665 1
s -6.79798729811 6.86897459622 -39.5692853826 1
s -5.13098729811 6.86897459622 -36.6819566864 1
s -7.13883217405 9.16566434811 -37.4476127043 1
s -11.0 -6.0 -39.8371685741 1
s -11.4912957453 -8.98259149063 -37.2441177665 1
s -9.49129574532 -8.98259149063 -33.7800161514 1
s -7.0 -6.0 -32.9089653438 1
s -6.50870425468 -3.01740850937 -35.5020161514 1
s -8.50870425468 -3.01740850937 -38.9661177665 1
s -7.66401270189 -8.60102540378 -39.0692853826 1
s -5.99701270189 -8.60102540378 -36.1819566864 1
s -5.69516782595 -6.27833565189 -38.2811127043 1
s -20.0 -12.0 -34.6410161514 1
s -21.9825914906 -12.0 -31.1869653438 1
s -19.9825914906 -12.0 -27.7228637287 1
s -16.0 -12.0 -27.7128129211 1
s -14.0174085094 -12.0 -31.1668637287 1
s -16.0174085094 -12.0 -34.6309653438 1
s -19.6995254038 -15.47 -32.1205788843 1
s -18.0325254038 -15.47 -29.2332501881 1
s -16.5563356519 -15.444 -32.0104145362 1
s -29.0 -6.0 -29.4448637287 1
s -29.4912957453 -3.01740850937 -26.8518129211 1
s -27.4912957453 -3.01740850937 -23.387711306 1
s -25.0 -6.0 -22.5166604984 1
s -24.5087042547 -8.98259149063 -25.109711306 1
s -26.5087042547 -8.98259149063 -28.5738129211 1
s -30.8690127019 -6.86897459622 -25.6718723861 1
s -29.2020127019 -6.86897459622 -22.7845436899 1
s -28.8611678259 -9.16566434811 -24.9062163682 1
s -29.0 6.0 -29.4448637287 1
s -26.5087042547 8.98259149063 -28.5738129211 1
s -24.5087042547 8.98259149063 -25.109711306 1
s -25.0 6.0 -22.5166604984 1
s -27.4912957453 3.01740850937 -23.387711306 1
s -29.4912957453 3.01740850937 -26.8518129211 1
s -30.0029872981 8.60102540378 -26.1718723861 1
s -28.3359872981 8.60102540378 -23.2845436899 1
s -30.3048321741 6.27833565189 -24.0727163682 1
s -20.0 12.0 -34.6410161514 1
s -16.0174085094 12.0 -34.6309653438 1
s -14.0174085094 12.0 -31.1668637287 1
s -16.0 12.0 -27.7128129211 1
s -19.9825914906 12.0 -27.7228637287 1
s -21.9825914906 12.0 -31.1869653438 1
s -17.9674745962 15.47 -33.1205788843 1
s -16.3004745962 15.47 -30.2332501881 1
s -19.4436643481 15.444 -30.3434145362 1
s -48.3923048454 2.19615242271 -1.26794919243 1
s -47.3923048454 1.97415242271 -5.11656608685 1
s -45.3923048454 4.97415242271 -6.84861689442 1
s -44.3923048454 8.19615242271 -4.73205080757 1
s -45.3923048454 8.41815242271 -0.883433913151 1
s -47.3923048454 5.41815242271 0.848616894418 1
s -50.2309129965 4.94845649827 -4.01169322973 1
s -48.5639129965 7.44895649827 -5.45535757784 1
s -49.374896336 7.52094816802 -2.41733565189 1
s -48.3923048454 -2.19615242271 -1.26794919243 1
s -47.3923048454 -5.41815242271 0.848616894418 1
s -45.3923048454 -8.41815242271 -0.883433913151 1
s -44.3923048454 -8.19615242271 -4.73205080757 1
s -45.3923048454 -4.97415242271 -6.84861689442 1
s -47.3923048454 -1.97415242271 -5.11656608685 1
s -50.2309129965 -5.94845649827 -2.27964242216 1
s -48.5639129965 -8.44895649827 -3.72330677027 1
s -49.374896336 -5.85394816802 -5.30466434811 1
s -48.3923048454 -4.65821591213e-16 2.53589838486 1
s -47.3923048454 3.444 4.26794919243 1
s -45.3923048454 3.444 7.73205080757 1
s -44.3923048454 -1.73846984567e-15 9.46410161514 1
s -45.3923048454 -3.444 7.73205080757 1
s -47.3923048454 -3.444 4.26794919243 1
s -50.2309129965 1.0 6.29133565189 1
s -48.5639129965 1.0 9.17866434811 1
s -49.374896336 -1.667 7.722 1
s -40.0 6.0 -10.3923048454 1
s -38.0 3.01740850937 -12.1143048454 1
s -34.0 3.01740850937 -12.1143048454 1
s -32.0 6.0 -10.3923048454 1
s -34.0 8.98259149063 -8.67030484541 1
s -38.0 8.98259149063 -8.67030484541 1
s -37.667 6.86897459622 -13.8974129965 1
s -34.333 6.86897459622 -13.8974129965 1
s -36.0 9.16566434811 -12.541396336 1
s -40.0 -6.0 -10.3923048454 1
s -38.0 -8.98259149063 -8.67030484541 1
s -34.0 -8.98259149063 -8.67030484541 1
s -32.0 -6.0 -10.3923048454 1
s -34.0 -3.01740850937 -12.1143048454 1
s -38.0 -3.01740850937 -12.1143048454 1
s -37.667 -8.60102540378 -12.8974129965 1
s -34.333 -8.60102540378 -12.8974129965 1
s -36.0 -6.27833565189 -14.208396336 1
s -40.0 -12.0 -6.36795303988e-15 1
s -38.0 -12.0 3.444 1
s -34.0 -12.0 3.444 1
s -32.0 -12.0 -5.38826795682e-15 1
s -34.0 -12.0 -3.444 1
s -38.0 -12.0 -3.444 1
s -37.667 -15.47 1.0 1
s -34.333 -15.47 1.0 1
s -36.0 -15.444 -1.667 1
s -40.0 -6.0 10.3923048454 1
s -38.0 -3.01740850937 12.1143048454 1
s -34.0 -3.01740850937 12.1143048454 1
s -32.0 -6.0 10.3923048454 1
s -34.0 -8.98259149063 8.67030484541 1
s -38.0 -8.98259149063 8.67030484541 1
s -37.667 -6.86897459622 13.8974129965 1
s -34.333 -6.86897459622 13.8974129965 1
s -36.0 -9.16566434811 12.541396336 1
s -40.0 6.0 10.3923048454 1
s -38.0 8.98259149063 8.67030484541 1
s -34.0 8.98259149063 8.67030484541 1
s -32.0 6.0 10.3923048454 1
s -34.0 3.01740850937 12.1143048454 1
s -38.0 3.01740850937 12.1143048454 1
s -37.667 8.60102540378 12.8974129965 1
s -34.333 8.60102540378 12.8974129965 1
s -36.0 6.27833565189 14.208396336 1
s -40.0 12.0 -1.95937016612e-15 1
s -38.0 12.0 -3.444 1
s -34.0 12.0 -3.444 1
s -32.0 12.0 -9.79685083058e-16 1
s -34.0 12.0 3.444 1
s -38.0 12.0 3.444 1
s -37.667 15.47 -1.0 1
s -34.333 15.47 -1.0 1
s -36.0 15.444 1.667 1
s -25.2942286341 2.19615242271 41.2749907476 1
s -28.1272286341 1.97415242271 38.4846568966 1
s -28.6272286341 4.97415242271 35.8865806852 1
s -26.2942286341 8.19615242271 36.0788383249 1
s -23.4612286341 8.41815242271 38.8691721759 1
s -22.9612286341 5.41815242271 41.4672483872 1
s -28.5896847474 4.94845649827 41.4954000954 1
s -29.0064347474 7.44895649827 39.3299035733 1
s -26.780922252 7.52094816802 41.5512467103 1
s -25.2942286341 -2.19615242271 41.2749907476 1
s -22.9612286341 -5.41815242271 41.4672483872 1
s -23.4612286341 -8.41815242271 38.8691721759 1
s -26.2942286341 -8.19615242271 36.0788383249 1
s -28.6272286341 -4.97415242271 35.8865806852 1
s -28.1272286341 -1.97415242271 38.4846568966 1
s -27.0896847474 -5.94845649827 42.3614254992 1
s -27.5064347474 -8.44895649827 40.1959289771 1
s -29.281422252 -5.85394816802 40.1075823622 1
s -22.0 -4.65821591213e-16 43.1769145362 1
s -20.0 3.444 43.1769145362 1
s -16.0 3.444 43.1769145362 1
s -14.0 -1.73846984567e-15 43.1769145362 1
s -16.0 -3.444 43.1769145362 1
s -20.0 -3.444 43.1769145362 1
s -19.667 1.0 46.6469145362 1
s -16.333 1.0 46.6469145362 1
s -18.0 -1.667 46.6209145362 1
s -29.0 6.0 29.4448637287 1
s -29.4912957453 3.01740850937 26.8518129211 1
s -27.4912957453 3.01740850937 23.387711306 1
s -25.0 6.0 22.5166604984 1
s -24.5087042547 8.98259149063 25.109711306 1
s -26.5087042547 8.98259149063 28.5738129211 1
s -30.8690127019 6.86897459622 25.6718723861 1
s -29.2020127019 6.86897459622 22.7845436899 1
s -28.8611678259 9.16566434811 24.9062163682 1
s -29.0 -6.0 29.4448637287 1
s -26.5087042547 -8.98259149063 28.5738129211 1
s -24.5087042547 -8.98259149063 25.109711306 1
s -25.0 -6.0 22.5166604984 1
s -27.4912957453 -3.01740850937 23.387711306 1
s -29.4912957453 -3.01740850937 26.8518129211 1
s -30.0029872981 -8.60102540378 26.1718723861 1
s -28.3359872981 -8.60102540378 23.2845436899 1
s -30.3048321741 -6.27833565189 24.0727163682 1
s -20.0 -12.0 34.6410161514 1
s -16.0174085094 -12.0 34.6309653438 1
s -14.0174085094 -12.0 31.1668637287 1
s -16.0 -12.0 27.7128129211 1
s -19.9825914906 -12.0 27.7228637287 1
s -21.9825914906 -12.0 31.1869653438 1
s -17.9674745962 -15.47 33.1205788843 1
s -16.3004745962 -15.47 30.2332501881 1
s -19.4436643481 -15.444 30.3434145362 1
s -11.0 -6.0 39.8371685741 1
s -8.50870425468 -3.01740850937 38.9661177665 1
s -6.50870425468 -3.01740850937 35.5020161514 1
s -7.0 -6.0 32.9089653438 1
s -9.49129574532 -8.98259149063 33.7800161514 1
s -11.4912957453 -8.98259149063 37.2441177665 1
s -6.79798729811 -6.86897459622 39.5692853826 1
s -5.13098729811 -6.86897459622 36.6819566864 1
s -7.13883217405 -9.16566434811 37.4476127043 1
s -11.0 6.0 39.8371685741 1
s -11.4912957453 8.98259149063 37.2441177665 1
s -9.49129574532 8.98259149063 33.7800161514 1
s -7.0 6.0 32.9089653438 1
s -6.50870425468 3.01740850937 35.5020161514 1
s -8.50870425468 3.01740850937 38.9661177665 1
s -7.66401270189 8.60102540378 39.0692853826 1
s -5.99701270189 8.60102540378 36.1819566864 1
s -5.69516782595 6.27833565189 38.2811127043 1
s -20.0 12.0 34.6410161514 1
s -21.9825914906 12.0 31.1869653438 1
s -19.9825914906 12.0 27.7228637287 1
s -16.0 12.0 27.7128129211 1
s -14.0174085094 12.0 31.1668637287 1
s -16.0174085094 12.0 34.6309653438 1
s -19.6995254038 15.47 32.1205788843 1
s -18.0325254038 15.47 29.2332501881 1
s -16.5563356519 15.444 32.0104145362 1
s 23.0980762114 2.19615242271 42.54293994 1
s 19.2650762114 1.97415242271 43.6012229834 1
s 16.7650762114 4.97415242271 42.7351975797 1
s 18.0980762114 8.19615242271 40.8108891325 1
s 21.9310762114 8.41815242271 39.752606089 1
s 24.4310762114 5.41815242271 40.6186314928 1
s 21.6412282491 4.94845649827 45.5070933252 1
s 19.5574782491 7.44895649827 44.7852611511 1
s 22.593974084 7.52094816802 43.9685823622 1
s 23.0980762114 -2.19615242271 42.54293994 1
s 24.4310762114 -5.41815242271 40.6186314928 1
s 21.9310762114 -8.41815242271 39.752606089 1
s 18.0980762114 -8.19615242271 40.8108891325 1
s 16.7650762114 -4.97415242271 42.7351975797 1
s 19.2650762114 -1.97415242271 43.6012229834 1
s 23.1412282491 -5.94845649827 44.6410679214 1
s 21.0574782491 -8.44895649827 43.9192357473 1
s 20.093474084 -5.85394816802 45.4122467103 1
s 26.3923048454 -4.65821591213e-16 40.6410161514 1
s 27.3923048454 3.444 38.9089653438 1
s 29.3923048454 3.444 35.4448637287 1
s 30.3923048454 -1.73846984567e-15 33.7128129211 1
s 29.3923048454 -3.444 35.4448637287 1
s 27.3923048454 -3.444 38.9089653438 1
s 30.5639129965 1.0 40.3555788843 1
s 32.2309129965 1.0 37.4682501881 1
s 31.374896336 -1.667 38.8989145362 1
s 11.0 6.0 39.8371685741 1
s 8.50870425468 3.01740850937 38.9661177665 1
s 6.50870425468 3.01740850937 35.5020161514 1
s 7.0 6.0 32.9089653438 1
s 9.49129574532 8.98259149063 33.7800161514 1
s 11.4912957453 8.98259149063 37.2441177665 1
s 6.79798729811 6.86897459622 39.5692853826 1
s 5.13098729811 6.86897459622 36.6819566864 1
s 7.13883217405 9.16566434811 37.4476127043 1
s 11.0 -6.0 39.8371685741 1
s 11.4912957453 -8.98259149063 37.2441177665 1
s 9.49129574532 -8.98259149063 33.7800161514 1
s 7.0 -6.0 32.9089653438 1
s 6.50870425468 -3.01740850937 35.5020161514 1
s 8.50870425468 -3.01740850937 38.9661177665 1
s 7.66401270189 -8.60102540378 39.0692853826 1
s 5.99701270189 -8.60102540378 36.1819566864 1
s 5.69516782595 -6.27833565189 38.2811127043 1
s 20.0 -12.0 34.6410161514 1
s 21.9825914906 -12.0 31.1869653438 1
s 19.9825914906 -12.0 27.7228637287 1
s 16.0 -12.0 27.7128129211 1
s 14.0174085094 -12.0 31.1668637287 1
s 16.0174085094 -12.0 34.6309653438 1
s 19.6995254038 -15.47 32.1205788843 1
s 18.0325254038 -15.47 29.2332501881 1
s 16.5563356519 -15.444 32.0104145362 1
s 29.0 -6.0 29.4448637287 1
s 29.4912957453 -3.01740850937 26.8518129211 1
s 27.4912957453 -3.01740850937 23.387711306 1
s 25.0 -6.0 22.5166604984 1
s 24.5087042547 -8.98259149063 25.109711306 1
s 26.5087042547 -8.98259149063 28.5738129211 1
s 30.8690127019 -6.86897459622 25.6718723861 1
s 29.2020127019 -6.86897459622 22.7845436899 1
s 28.8611678259 -9.16566434811 24.9062163682 1
s 29.0 6.0 29.4448637287 1
s 26.5087042547 8.98259149063 28.5738129211 1
s 24.5087042547 8.98259149063 25.109711306 1
s 25.0 6.0 22.5166604984 1
s 27.4912957453 3.01740850937 23.387711306 1
s 29.4912957453 3.01740850937 26.8518129211 1
s 30.0029872981 8.60102540378 26.1718723861 1
s 28.3359872981 8.60102540378 23.2845436899 1
s 30.3048321741 6.27833565189 24.0727163682 1
s 20.0 12.0 34.6410161514 1
s 16.0174085094 12.0 34.6309653438 1
s 14.0174085094 12.0 31.1668637287 1
s 16.0 12.0 27.7128129211 1
s 19.9825914906 12.0 27.7228637287 1
s 21.9825914906 12.0 31.1869653438 1
s 17.9674745962 15.47 33.1205788843 1
s 16.3004745962 15.47 30.2332501881 1
s 19.4436643481 15.444 30.3434145362 1
s 48.3923048454 2.19615242271 1.26794919243 1
s 47.3923048454 1.97415242271 5.11656608685 1
s 45.3923048454 4.97415242271 6.84861689442 1
s 44.3923048454 8.19615242271 4.73205080757 1
s 45.3923048454 8.41815242271 0.883433913151 1
s 47.3923048454 5.41815242271 -0.848616894418 1
s 50.2309129965 4.94845649827 4.01169322973 1
s 48.5639129965 7.44895649827 5.45535757784 1
s 49.374896336 7.52094816802 2.41733565189 1
s 48.3923048454 -2.19615242271 1.26794919243 1
s 47.3923048454 -5.41815242271 -0.848616894418 1
s 45.3923048454 -8.41815242271 0.883433913151 1
s 44.3923048454 -8.19615242271 4.73205080757 1
s 45.3923048454 -4.97415242271 6.84861689442 1
s 47.3923048454 -1.97415242271 5.11656608685 1
s 50.2309129965 -5.94845649827 2.27964242216 1
s 48.5639129965 -8.44895649827 3.72330677027 1
s 49.374896336 -5.85394816802 5.30466434811 1
s 48.3923048454 -4.65821591213e-16 -2.53589838486 1
s 47.3923048454 3.444 -4.26794919243 1
s 45.3923048454 3.444 -7.73205080757 1
s 44.3923048454 -1.73846984567e-15 -9.46410161514 1
s 45.3923048454 -3.444 -7.73205080757 1
s 47.3923048454 -3.444 -4.26794919243 1
s 50.2309129965 1.0 -6.29133565189 1
s 48.5639129965 1.0 -9.17866434811 1
s 49.374896336 -1.667 -7.722 1
s 40.0 6.0 10.3923048454 1
s 38.0 3.01740850937 12.1143048454 1
s 34.0 3.01740850937 12.1143048454 1
s 32.0 6.0 10.3923048454 1
s 34.0 8.98259149063 8.67030484541 1
s 38.0 8.98259149063 8.67030484541 1
s 37.667 6.86897459622 13.8974129965 1
s 34.333 6.86897459622 13.8974129965 1
s 36.0 9.16566434811 12.541396336 1
s 40.0 -6.0 10.3923048454 1
s 38.0 -8.98259149063 8.67030484541 1
s 34.0 -8.98259149063 8.67030484541 1
s 32.0 -6.0 10.3923048454 1
s 34.0 -3.01740850937 12.1143048454 1
s 38.0 -3.01740850937 12.1143048454 1
s 37.667 -8.60102540378 12.8974129965 1
s 34.333 -8.60102540378 12.8974129965 1
s 36.0 -6.27833565189 14.208396336 1
s 40.0 -12.0 1.12663784552e-14 1
s 38.0 -12.0 -3.444 1
s 34.0 -12.0 -3.444 1
s 32.0 -12.0 9.30700828905e-15 1
s 34.0 -12.0 3.444 1
s 38.0 -12.0 3.444 1
s 37.667 -15.47 -1.0 1
s 34.333 -15.47 -1.0 1
s 36.0 -15.444 1.667 1
s 40.0 -6.0 -10.3923048454 1
s 38.0 -3.01740850937 -12.1143048454 1
s 34.0 -3.01740850937 -12.1143048454 1
s 32.0 -6.0 -10.3923048454 1
s 34.0 -8.98259149063 -8.67030484541 1
s 38.0 -8.98259149063 -8.67030484541 1
s 37.667 -6.86897459622 -13.8974129965 1
s 34.333 -6.86897459622 -13.8974129965 1
s 36.0 -9.16566434811 -12.541396336 1
s 40.0 6.0 -10.3923048454 1
s 38.0 8.98259149063 -8.67030484541 1
s 34.0 8.98259149063 -8.67030484541 1
s 32.0 6.0 -10.3923048454 1
s 34.0 3.01740850937 -12.1143048454 1
s 38.0 3.01740850937 -12.1143048454 1
s 37.667 8.60102540378 -12.8974129965 1
s 34.333 8.60102540378 -12.8974129965 1
s 36.0 6.27833565189 -14.208396336 1
s 40.0 12.0 6.85779558141e-15 1
s 38.0 12.0 3.444 1
s 34.0 12.0 3.444 1
s 32.0 12.0 4.89842541529e-15 1
s 34.0 12.0 -3.444 1
s 38.0 12.0 -3.444 1
s 37.667 15.47 1.0 1
s 34.333 15.47 1.0 1
s 36.0 15.444 -1.667 1
s 18.6733937587 43.0070415552 12.2451905284 1
s 16.4825726096 42.0300161514 15.4243193482 1
s 12.500521802 41.7979653438 15.1252812425 1
s 10.7092921435 42.54293994 11.647114317 1
s 12.9001132926 43.5199653438 8.46798549721 1
s 16.8821641002 43.7520161514 8.76702360289 1
s 16.0334343666 45.9754749594 13.8892119798 1
s 12.7143950185 45.7820606113 13.6399637187 1
s 14.5305783162 46.5203886203 11.180532081 1
s 21.9676223927 40.8108891325 14.147114317 1
s 25.0093927343 38.3338637287 13.4592812425 1
s 25.5273419267 35.1018129211 15.7583193482 1
s 23.0035207776 34.3467875173 18.7451905284 1
s 19.961750436 36.8238129211 19.4330236029 1
s 19.4438012436 40.0558637287 17.1339854972 1
s 25.0721445178 40.5270184612 17.1077137187 1
s 25.5038551697 37.833104113 19.0239619798 1
s 23.1180862201 39.8329404522 19.472532081 1
s 22.2224318643 41.9089653438 9.90192378865 1
s 20.0724445662 42.76493994 6.66062804333 1
s 20.93846997 41.0328891325 3.16062804333 1
s 23.9544826719 38.4448637287 2.90192378865 1
s 26.10446997 37.5888891325 6.14321953396 1
s 25.2384445662 39.32093994 9.64321953396 1
s 24.1462911811 44.0012467103 6.67625904897 1
s 24.8681233551 42.5575823622 3.75900904897 1
s 26.4912072681 41.9264145362 6.37810809004 1
s 7.62435565298 37.6410161514 16.4019237886 1
s 8.13427386717 34.4176695985 18.684719534 1
s 6.4022230596 30.9535679834 17.684719534 1
s 4.16025403784 30.7128129211 14.4019237886 1
s 3.65033582365 33.936159474 12.1191280433 1
s 5.38238663122 37.4002610891 13.1191280433 1
s 4.20985199674 36.0550661825 18.4779094528 1
s 2.76618764863 33.1677374862 17.6444094528 1
s 2.44351083901 35.7597467103 15.8923187419 1
s 16.624355653 31.6410161514 21.5980762114 1
s 18.8562738672 28.4176695985 20.898280466 1
s 17.1242230596 24.9535679834 19.898280466 1
s 13.1602540378 24.7128129211 19.5980762114 1
s 10.9283358237 27.936159474 20.2978719567 1
s 12.6603866312 31.4002610891 21.2978719567 1
s 16.3123519967 28.3200661825 24.3105905472 1
s 14.8686876486 25.4327374862 23.4770905472 1
s 13.193010839 28.0377467103 24.0234312581 1
s 26.3205080757 28.6410161514 15.1961524227 1
s 27.1764826719 26.9089653438 11.7135609321 1
s 25.4444318643 23.4448637287 10.7135609321 1
s 22.8564064606 21.7128129211 13.1961524227 1
s 22.0004318643 23.4448637287 16.6787439133 1
s 23.7324826719 26.9089653438 17.6787439133 1
s 28.4127894422 24.8855788843 15.2494310945 1
s 26.9691250941 21.9982501881 14.4159310945 1
s 26.3379572681 23.4549145362 17.1311125161 1
s 27.0166604984 31.6410161514 3.59807621135 1
s 24.7746914766 31.4002610891 0.315280466037 1
s 23.0426406691 27.936159474 -0.684719533963 1
s 23.5525588833 24.7128129211 1.59807621135 1
s 25.794527905 24.9535679834 4.88087195667 1
s 27.5265787126 28.4176695985 5.88087195667 1
s 28.4107268876 29.1860915862 0.355590547244 1
s 26.9670625395 26.29876289 -0.477909452756 1
s 28.7334036972 26.5940823622 2.10768125807 1
s 18.0166604984 37.6410161514 -1.59807621135 1
s 14.0526914766 37.4002610891 -1.89828046604 1
s 12.3206406691 33.936159474 -2.89828046604 1
s 14.5525588833 30.7128129211 -3.59807621135 1
s 18.516527905 30.9535679834 -3.29787195667 1
s 20.2485787126 34.4176695985 -2.29787195667 1
s 16.3082268876 36.9210915862 -5.47709054724 1
s 14.8645625395 34.03376289 -6.31059054724 1
s 17.9839036972 34.3160823622 -6.02343125807 1
s 8.32050807569 40.6410161514 4.80384757729 1
s 5.7324826719 38.9089653438 7.28643906793 1
s 4.00043186434 35.4448637287 6.28643906793 1
s 4.85640646055 33.7128129211 2.80384757729 1
s 7.44443186434 35.4448637287 0.32125608666 1
s 9.1764826719 38.9089653438 1.32125608666 1
s 4.20778944217 40.3555788843 3.58406890551 1
s 2.76412509407 37.4682501881 2.75056890551 1
s 4.83895726812 38.8989145362 0.868887483868 1
s 1.26794919243 43.0070415552 -22.2942286341 1
s 5.11656608685 42.0300161514 -21.9864862737 1
s 6.84861689442 41.7979653438 -18.3884100623 1
s 4.73205080757 42.54293994 -15.0980762114 1
s 0.883433913151 43.5199653438 -15.4058185717 1
s -0.848616894418 43.7520161514 -19.0038947831 1
s 4.01169322973 45.9754749594 -20.8299674612 1
s 5.45535757784 45.7820606113 -17.8309709391 1
s 2.41733565189 46.5203886203 -18.174115994 1
s 1.26794919243 40.8108891325 -26.0980762114 1
s -0.848616894418 38.3338637287 -28.3884100623 1
s 0.883433913151 35.1018129211 -29.9864862737 1
s 4.73205080757 34.3467875173 -29.2942286341 1
s 6.84861689442 36.8238129211 -27.0038947831 1
s 5.11656608685 40.0558637287 -25.4058185717 1
s 2.27964242216 40.5270184612 -30.2669709391 1
s 3.72330677027 37.833104113 -31.5989674612 1
s 5.30466434811 39.8329404522 -29.757115994 1
s -2.53589838486 41.9089653438 -24.1961524227 1
s -4.26794919243 42.76493994 -20.7135609321 1
s -7.73205080757 41.0328891325 -19.7135609321 1
s -9.46410161514 38.4448637287 -22.1961524227 1
s -7.73205080757 37.5888891325 -25.6787439133 1
s -4.26794919243 39.32093994 -26.6787439133 1
s -6.29133565189 44.0012467103 -24.2494310945 1
s -9.17866434811 42.5575823622 -23.4159310945 1
s -7.722 41.9264145362 -26.1311125161 1
s 10.3923048454 37.6410161514 -14.8038475773 1
s 12.1143048454 34.4176695985 -16.3868475773 1
s 12.1143048454 30.9535679834 -14.3868475773 1
s 10.3923048454 30.7128129211 -10.8038475773 1
s 8.67030484541 33.936159474 -9.22084757729 1
s 8.67030484541 37.4002610891 -11.2208475773 1
s 13.8974129965 36.0550661825 -12.8847935017 1
s 13.8974129965 33.1677374862 -11.2177935017 1
s 12.541396336 35.7597467103 -10.062301832 1
s 10.3923048454 31.6410161514 -25.1961524227 1
s 8.67030484541 28.4176695985 -26.7791524227 1
s 8.67030484541 24.9535679834 -24.7791524227 1
s 10.3923048454 24.7128129211 -21.1961524227 1
s 12.1143048454 27.936159474 -19.6131524227 1
s 12.1143048454 31.4002610891 -21.6131524227 1
s 12.8974129965 28.3200661825 -26.2822064983 1
s 12.8974129965 25.4327374862 -24.6152064983 1
s 14.208396336 28.0377467103 -23.437198168 1
s 3.33045810564e-15 28.6410161514 -30.3923048454 1
s -3.444 26.9089653438 -29.3923048454 1
s -3.444 23.4448637287 -27.3923048454 1
s 3.08553683487e-15 21.7128129211 -26.3923048454 1
s 3.444 23.4448637287 -27.3923048454 1
s 3.444 26.9089653438 -29.3923048454 1
s -1.0 24.8855788843 -32.2309129965 1
s -1.0 21.9982501881 -30.5639129965 1
s 1.667 23.4549145362 -31.374896336 1
s -10.3923048454 31.6410161514 -25.1961524227 1
s -12.1143048454 31.4002610891 -21.6131524227 1
s -12.1143048454 27.936159474 -19.6131524227 1
s -10.3923048454 24.7128129211 -21.1961524227 1
s -8.67030484541 24.9535679834 -24.7791524227 1
s -8.67030484541 28.4176695985 -26.7791524227 1
s -13.8974129965 29.1860915862 -24.7822064983 1
s -13.8974129965 26.29876289 -23.1152064983 1
s -12.541396336 26.5940823622 -25.937698168 1
s -10.3923048454 37.6410161514 -14.8038475773 1
s -8.67030484541 37.4002610891 -11.2208475773 1
s -8.67030484541 33.936159474 -9.22084757729 1
s -10.3923048454 30.7128129211 -10.8038475773 1
s -12.1143048454 30.9535679834 -14.3868475773 1
s -12.1143048454 34.4176695985 -16.3868475773 1
s -12.8974129965 36.9210915862 -11.3847935017 1
s -12.8974129965 34.03376289 -9.71779350173 1
s -14.208396336 34.3160823622 -12.562801832 1
s -2.35077302258e-15 40.6410161514 -9.60769515459 1
s 3.444 38.9089653438 -8.60769515459 1
s 3.444 35.4448637287 -6.60769515459 1
s -2.59569429334e-15 33.7128129211 -5.60769515459 1
s -3.444 35.4448637287 -6.60769515459 1
s -3.444 38.9089653438 -8.60769515459 1
s 1.0 40.3555788843 -5.43608700345 1
s 1.0 37.4682501881 -3.76908700345 1
s -1.667 38.8989145362 -4.62510366395 1
s -19.9413429511 43.0070415552 10.0490381057 1
s -21.5991386964 42.0300161514 6.5621669255 1
s -19.3491386964 41.7979653438 3.26312881982 1
s -15.4413429511 42.54293994 3.45096189432 1
s -13.7835472058 43.5199653438 6.9378330745 1
s -16.0335472058 43.7520161514 10.2368711802 1
s -20.0451275963 45.9754749594 6.94075548149 1
s -18.1697525963 45.7820606113 4.19100722041 1
s -16.947913968 46.5203886203 6.99358391297 1
s -23.2355715851 40.8108891325 11.9509618943 1
s -24.1607758398 38.3338637287 14.9291288198 1
s -26.4107758398 35.1018129211 14.2281669255 1
s -27.7355715851 34.3467875173 10.5490381057 1
s -26.8103673305 36.8238129211 7.57087118018 1
s -24.5603673305 40.0558637287 8.2718330745 1
s -27.3517869399 40.5270184612 13.1592572204 1
s -29.2271619399 37.833104113 12.5750054815 1
s -28.4227505682 39.8329404522 10.284583913 1
s -19.6865334795 41.9089653438 14.2942286341 1
s -15.8044953738 42.76493994 14.0529328887 1
s -13.2064191624 41.0328891325 16.5529328887 1
s -14.4903810568 38.4448637287 19.2942286341 1
s -18.3724191624 37.5888891325 19.5355243794 1
s -20.9704953738 39.32093994 17.0355243794 1
s -17.8549555292 44.0012467103 17.5731720455 1
s -15.689459007 42.5575823622 19.6569220455 1
s -18.7692072681 41.9264145362 19.7530044261 1
s -18.0166604984 37.6410161514 -1.59807621135 1
s -20.2485787126 34.4176695985 -2.29787195667 1
s -18.516527905 30.9535679834 -3.29787195667 1
s -14.5525588833 30.7128129211 -3.59807621135 1
s -12.3206406691 33.936159474 -2.89828046604 1
s -14.0526914766 37.4002610891 -1.89828046604 1
s -18.1072649933 36.0550661825 -5.59311595103 1
s -16.6636006452 33.1677374862 -6.42661595103 1
s -14.9849071751 35.7597467103 -5.83001690996 1
s -27.0166604984 31.6410161514 3.59807621135 1
s -27.5265787126 28.4176695985 5.88087195667 1
s -25.794527905 24.9535679834 4.88087195667 1
s -23.5525588833 24.7128129211 1.59807621135 1
s -23.0426406691 27.936159474 -0.684719533963 1
s -24.7746914766 31.4002610891 0.315280466037 1
s -29.2097649933 28.3200661825 1.97161595103 1
s -27.7661006452 25.4327374862 1.13811595103 1
s -27.4014071751 28.0377467103 -0.586233090043 1
s -26.3205080757 28.6410161514 15.1961524227 1
s -23.7324826719 26.9089653438 17.6787439133 1
s -22.0004318643 23.4448637287 16.6787439133 1
s -22.8564064606 21.7128129211 13.1961524227 1
s -25.4444318643 23.4448637287 10.7135609321 1
s -27.1764826719 26.9089653438 11.7135609321 1
s -27.4127894422 24.8855788843 16.9814819021 1
s -25.9691250941 21.9982501881 16.1479819021 1
s -28.0049572681 23.4549145362 14.2437838199 1
s -16.624355653 31.6410161514 21.5980762114 1
s -12.6603866312 31.4002610891 21.2978719567 1
s -10.9283358237 27.936159474 20.2978719567 1
s -13.1602540378 24.7128129211 19.5980762114 1
s -17.1242230596 24.9535679834 19.898280466 1
s -18.8562738672 28.4176695985 20.898280466 1
s -14.5133138911 29.1860915862 24.426615951 1
s -13.069649543 26.29876289 23.593115951 1
s -16.1920073612 26.5940823622 23.83001691 1
s -7.62435565298 37.6410161514 16.4019237886 1
s -5.38238663122 37.4002610891 13.1191280433 1
s -3.65033582365 33.936159474 12.1191280433 1
s -4.16025403784 30.7128129211 14.4019237886 1
s -6.4022230596 30.9535679834 17.684719534 1
s -8.13427386717 34.4176695985 18.684719534 1
s -3.41081389106 36.9210915862 16.861884049 1
s -1.96714954295 34.03376289 16.028384049 1
s -3.77550736118 34.3160823622 18.58623309 1
s -8.32050807569 40.6410161514 4.80384757729 1
s -9.1764826719 38.9089653438 1.32125608666 1
s -7.44443186434 35.4448637287 0.32125608666 1
s -4.85640646055 33.7128129211 2.80384757729 1
s -4.00043186434 35.4448637287 6.28643906793 1
s -5.7324826719 38.9089653438 7.28643906793 1
s -5.20778944217 40.3555788843 1.85201809794 1
s -3.76412509407 37.4682501881 1.01851809794 1
s -3.17195726812 38.8989145362 3.75621618009 1
