m 0.0 0.0 0.0 0.7 0.7 0.7 100. 0.7 0.7 0.7
/t -40. 0 20.0  0. 0 -20.0 40. 0 20
/t 0. 40 0 40. 0 20 0. 0 -20.0
/t 0. 40 0 0. 0 -20.0 -40. 0 20.0
/t 0. 40 0.0 -40. 0 20.0 40. 0 20
 
/red
m 0.0 .25 0.5 0.7 0.7 0.7 100. 0.1 0.1 0.1
s    7.0000         0  -95.0000 5.
m .5 .25 0.0 0.7 0.7 0.7 100. 0.1 0.1 0.1
s    7.7942    4.5000  -90.0000 6.
m 0.25 .5 0.0 0.7 0.7 0.7 100. 0.1 0.1 0.1
s    5.5000    9.5263  -85.0000 7.
m 0.25 .0 0.5 0.7 0.7 0.7 100. 0.1 0.1 0.1
s         0   13.0000  -80.0000 6.
m 0.0 .5 0.25 0.7 0.7 0.7 100. 0.1 0.1 0.1
s   -7.5000   12.9904  -75.0000 5.
m 0.5 .0 0.25 0.7 0.7 0.7 100. 0.1 0.1 0.1
s  -14.7224    8.5000  -70.0000 6.
m 0.0 .25 0.5 0.7 0.7 0.7 100. 0.1 0.1 0.1
s  -19.0000         0  -65.0000 7.
m 0.5 .25 0.0 0.7 0.7 0.7 100. 0.1 0.1 0.1
s  -18.1865  -10.5000  -60.0000 6.
m 0.25 .5 0.0 0.7 0.7 0.7 100. 0.1 0.1 0.1
s  -11.5000  -19.9186  -55.0000 5.
m 0.25 .0 0.5 0.7 0.7 0.7 100. 0.1 0.1 0.1
s         0  -25.0000  -50.0000 6.
m 0.0 .25 0.5 0.7 0.7 0.7 100. 0.1 0.1 0.1
s   13.5000  -23.3827  -45.0000 7.
m 0.5 .25 0.0 0.7 0.7 0.7 100. 0.1 0.1 0.1
s   25.1147  -14.5000  -40.0000 6.
m 0.25 .0 0.5 0.7 0.7 0.7 100. 0.1 0.1 0.1
s   31.0000         0  -35.0000 5.
m 0.25 .5 0.0 0.7 0.7 0.7 100. 0.1 0.1 0.1
s   28.5788   16.5000  -30.0000 6.
m 0.0 .5 0.25 0.7 0.7 0.7 100. 0.1 0.1 0.1
s   17.5000   30.3109  -25.0000 7.
m 0.5 .0 0.25 0.7 0.7 0.7 100. 0.1 0.1 0.1
s         0   37.0000  -20.0000 8.
m 0.0 .25 0.5 0.7 0.7 0.7 100. 0.1 0.1 0.1
s  -19.5000   33.7750  -15.0000 7.
m 0.5 .25 0.0 0.7 0.7 0.7 100. 0.1 0.1 0.1
s  -35.5070   20.5000  -10.0000 6.
m 0.25 .5 0.0 0.7 0.7 0.7 100. 0.1 0.1 0.1
s  -43.0000         0   -5.0000 5.
m 0.0 .5 0.25 0.7 0.7 0.7 100. 0.1 0.1 0.1
s  -38.9711  -22.5000         0 6.
m 0.25 .0 0.5 0.7 0.7 0.7 100. 0.1 0.1 0.1
s  -23.5000  -40.7032    5.0000 7.
m 0.5 .25 0.0 0.7 0.7 0.7 100. 0.1 0.1 0.1
s         0  -49.0000   10.0000 8.
m 0.0 .25 0.5 0.7 0.7 0.7 100. 0.1 0.1 0.1
s   25.5000  -44.1673   15.0000 7.
m 0.5 .25 0.0 0.7 0.7 0.7 100. 0.1 0.1 0.1
s   45.8993  -26.5000   20.0000 6.
m 0.25 .0 0.5 0.7 0.7 0.7 100. 0.1 0.1 0.1
s   55.0000         0   25.0000 5.

 
/ one grey ground plane
m 0.1 0.1 0.1 0.0 0.0 0.0 10. 0 0 0
p 0.0 1.0 0.0 40.0
 
/ one point light
l p -80. 120. -46.6 1000000.0 1000000.0 1000000.0
 
 
/ camera: pointing towards -Z, 35mmx25mm "film", 35mm focal length
/ making 160x120 pixels
c -5.2 6.3 95.6 0.0 0.0 -1.0 35.0 35.0 25.0 320 240
/c 200. 222. 83. -.5 -.7 -.5 35.0 35.0 25.0 640 480

