 
m 0.1 .1 0.3 0.7 0.7 0.7 100. 0.7 0.7 0.7

s 0 0 -10 5

s 8 0 -10 2
s 0 8 -10 2
s -8 0 -10 2
s 0 -8 -10 2

s 11.5 0 -10 1.3
s 0 11.5 -10 1.3
s -11.5 0 -10 1.3
s 0 -11.5 -10 1.3

s 14 0 -10 1
s 0 14 -10 1
s -14 0 -10 1
s 0 -14 -10 1

s 0 0 -2 2
s 0 0 -18 2

s 21.656 38.9277 -10 0.9
s 21.656 -1.0723 -10 0.9
s -18.344 -1.0723 -10 0.9
s -18.344 38.9277 -10 0.9
s 23.2993 38.7113 -10 0.9
s 23.2993 -1.2887 -10 0.9
s -16.7007 -1.2887 -10 0.9
s -16.7007 38.7113 -10 0.9
s 24.9176 38.3526 -10 0.9
s 24.9176 -1.6474 -10 0.9
s -15.0824 -1.6474 -10 0.9
s -15.0824 38.3526 -10 0.9
s 26.4984 37.8542 -10 0.9
s 26.4984 -2.1458 -10 0.9
s -13.5016 -2.1458 -10 0.9
s -13.5016 37.8542 -10 0.9
s 28.0297 37.2198 -10 0.9
s 28.0297 -2.7802 -10 0.9
s -11.9703 -2.7802 -10 0.9
s -11.9703 37.2198 -10 0.9
s 29.5 36.4545 -10 0.9
s 29.5 -3.5455 -10 0.9
s -10.5 -3.5455 -10 0.9
s -10.5 36.4545 -10 0.9
s 30.898 35.5639 -10 0.9
s 30.898 -4.4361 -10 0.9
s -9.102 -4.4361 -10 0.9
s -9.102 35.5639 -10 0.9
s 32.213 34.5548 -10 0.9
s 32.213 -5.4452 -10 0.9
s -7.787 -5.4452 -10 0.9
s -7.787 34.5548 -10 0.9
s 33.435 33.435 -10 0.9
s 33.435 -6.565 -10 0.9
s -6.565 -6.565 -10 0.9
s -6.565 33.435 -10 0.9
s 34.5548 32.213 -10 0.9
s 34.5548 -7.787 -10 0.9
s -5.4452 -7.787 -10 0.9
s -5.4452 32.213 -10 0.9
s 35.5639 30.898 -10 0.9
s 35.5639 -9.102 -10 0.9
s -4.4361 -9.102 -10 0.9
s -4.4361 30.898 -10 0.9
s 36.4545 29.5 -10 0.9
s 36.4545 -10.5 -10 0.9
s -3.5455 -10.5 -10 0.9
s -3.5455 29.5 -10 0.9
s 37.2198 28.0297 -10 0.9
s 37.2198 -11.9703 -10 0.9
s -2.7802 -11.9703 -10 0.9
s -2.7802 28.0297 -10 0.9
s 37.8542 26.4984 -10 0.9
s 37.8542 -13.5016 -10 0.9
s -2.1458 -13.5016 -10 0.9
s -2.1458 26.4984 -10 0.9
s 38.3526 24.9176 -10 0.9
s 38.3526 -15.0824 -10 0.9
s -1.6474 -15.0824 -10 0.9
s -1.6474 24.9176 -10 0.9
s 38.7113 23.2993 -10 0.9
s 38.7113 -16.7007 -10 0.9
s -1.2887 -16.7007 -10 0.9
s -1.2887 23.2993 -10 0.9
s 38.9277 21.656 -10 0.9
s 38.9277 -18.344 -10 0.9
s -1.0723 -18.344 -10 0.9
s -1.0723 21.656 -10 0.9
s 39 20 -10 0.9
s 39 -20 -10 0.9
s -1 -20 -10 0.9
s -1 20 -10 0.9
s 38.9277 18.344 -10 0.9
s 38.9277 -21.656 -10 0.9
s -1.0723 -21.656 -10 0.9
s -1.0723 18.344 -10 0.9
s 38.7113 16.7007 -10 0.9
s 38.7113 -23.2993 -10 0.9
s -1.2887 -23.2993 -10 0.9
s -1.2887 16.7007 -10 0.9
s 38.3526 15.0824 -10 0.9
s 38.3526 -24.9176 -10 0.9
s -1.6474 -24.9176 -10 0.9
s -1.6474 15.0824 -10 0.9
s 37.8542 13.5016 -10 0.9
s 37.8542 -26.4984 -10 0.9
s -2.1458 -26.4984 -10 0.9
s -2.1458 13.5016 -10 0.9
s 37.2198 11.9703 -10 0.9
s 37.2198 -28.0297 -10 0.9
s -2.7802 -28.0297 -10 0.9
s -2.7802 11.9703 -10 0.9
s 36.4545 10.5 -10 0.9
s 36.4545 -29.5 -10 0.9
s -3.5455 -29.5 -10 0.9
s -3.5455 10.5 -10 0.9
s 35.5639 9.102 -10 0.9
s 35.5639 -30.898 -10 0.9
s -4.4361 -30.898 -10 0.9
s -4.4361 9.102 -10 0.9
s 34.5548 7.787 -10 0.9
s 34.5548 -32.213 -10 0.9
s -5.4452 -32.213 -10 0.9
s -5.4452 7.787 -10 0.9
s 33.435 6.565 -10 0.9
s 33.435 -33.435 -10 0.9
s -6.565 -33.435 -10 0.9
s -6.565 6.565 -10 0.9
s 32.213 5.4452 -10 0.9
s 32.213 -34.5548 -10 0.9
s -7.787 -34.5548 -10 0.9
s -7.787 5.4452 -10 0.9
s 30.898 4.4361 -10 0.9
s 30.898 -35.5639 -10 0.9
s -9.102 -35.5639 -10 0.9
s -9.102 4.4361 -10 0.9
s 29.5 3.5455 -10 0.9
s 29.5 -36.4545 -10 0.9
s -10.5 -36.4545 -10 0.9
s -10.5 3.5455 -10 0.9
s 28.0297 2.7802 -10 0.9
s 28.0297 -37.2198 -10 0.9
s -11.9703 -37.2198 -10 0.9
s -11.9703 2.7802 -10 0.9
s 26.4984 2.1458 -10 0.9
s 26.4984 -37.8542 -10 0.9
s -13.5016 -37.8542 -10 0.9
s -13.5016 2.1458 -10 0.9
s 24.9176 1.6474 -10 0.9
s 24.9176 -38.3526 -10 0.9
s -15.0824 -38.3526 -10 0.9
s -15.0824 1.6474 -10 0.9
s 23.2993 1.2887 -10 0.9
s 23.2993 -38.7113 -10 0.9
s -16.7007 -38.7113 -10 0.9
s -16.7007 1.2887 -10 0.9
s 21.656 1.0723 -10 0.9
s 21.656 -38.9277 -10 0.9
s -18.344 -38.9277 -10 0.9
s -18.344 1.0723 -10 0.9
s 20 1 -10 0.9
s 20 -39 -10 0.9
s -20 -39 -10 0.9
s -20 1 -10 0.9
s 18.344 1.0723 -10 0.9
s 18.344 -38.9277 -10 0.9
s -21.656 -38.9277 -10 0.9
s -21.656 1.0723 -10 0.9
s 16.7007 1.2887 -10 0.9
s 16.7007 -38.7113 -10 0.9
s -23.2993 -38.7113 -10 0.9
s -23.2993 1.2887 -10 0.9
s 15.0824 1.6474 -10 0.9
s 15.0824 -38.3526 -10 0.9
s -24.9176 -38.3526 -10 0.9
s -24.9176 1.6474 -10 0.9
s 13.5016 2.1458 -10 0.9
s 13.5016 -37.8542 -10 0.9
s -26.4984 -37.8542 -10 0.9
s -26.4984 2.1458 -10 0.9
s 11.9703 2.7802 -10 0.9
s 11.9703 -37.2198 -10 0.9
s -28.0297 -37.2198 -10 0.9
s -28.0297 2.7802 -10 0.9
s 10.5 3.5455 -10 0.9
s 10.5 -36.4545 -10 0.9
s -29.5 -36.4545 -10 0.9
s -29.5 3.5455 -10 0.9
s 9.102 4.4361 -10 0.9
s 9.102 -35.5639 -10 0.9
s -30.898 -35.5639 -10 0.9
s -30.898 4.4361 -10 0.9
s 7.787 5.4452 -10 0.9
s 7.787 -34.5548 -10 0.9
s -32.213 -34.5548 -10 0.9
s -32.213 5.4452 -10 0.9
s 6.565 6.565 -10 0.9
s 6.565 -33.435 -10 0.9
s -33.435 -33.435 -10 0.9
s -33.435 6.565 -10 0.9
s 5.4452 7.787 -10 0.9
s 5.4452 -32.213 -10 0.9
s -34.5548 -32.213 -10 0.9
s -34.5548 7.787 -10 0.9
s 4.4361 9.102 -10 0.9
s 4.4361 -30.898 -10 0.9
s -35.5639 -30.898 -10 0.9
s -35.5639 9.102 -10 0.9
s 3.5455 10.5 -10 0.9
s 3.5455 -29.5 -10 0.9
s -36.4545 -29.5 -10 0.9
s -36.4545 10.5 -10 0.9
s 2.7802 11.9703 -10 0.9
s 2.7802 -28.0297 -10 0.9
s -37.2198 -28.0297 -10 0.9
s -37.2198 11.9703 -10 0.9
s 2.1458 13.5016 -10 0.9
s 2.1458 -26.4984 -10 0.9
s -37.8542 -26.4984 -10 0.9
s -37.8542 13.5016 -10 0.9
s 1.6474 15.0824 -10 0.9
s 1.6474 -24.9176 -10 0.9
s -38.3526 -24.9176 -10 0.9
s -38.3526 15.0824 -10 0.9
s 1.2887 16.7007 -10 0.9
s 1.2887 -23.2993 -10 0.9
s -38.7113 -23.2993 -10 0.9
s -38.7113 16.7007 -10 0.9
s 1.0723 18.344 -10 0.9
s 1.0723 -21.656 -10 0.9
s -38.9277 -21.656 -10 0.9
s -38.9277 18.344 -10 0.9
s 1 20 -10 0.9
s 1 -20 -10 0.9
s -39 -20 -10 0.9
s -39 20 -10 0.9
s 1.0723 21.656 -10 0.9
s 1.0723 -18.344 -10 0.9
s -38.9277 -18.344 -10 0.9
s -38.9277 21.656 -10 0.9
s 1.2887 23.2993 -10 0.9
s 1.2887 -16.7007 -10 0.9
s -38.7113 -16.7007 -10 0.9
s -38.7113 23.2993 -10 0.9
s 1.6474 24.9176 -10 0.9
s 1.6474 -15.0824 -10 0.9
s -38.3526 -15.0824 -10 0.9
s -38.3526 24.9176 -10 0.9
s 2.1458 26.4984 -10 0.9
s 2.1458 -13.5016 -10 0.9
s -37.8542 -13.5016 -10 0.9
s -37.8542 26.4984 -10 0.9
s 2.7802 28.0297 -10 0.9
s 2.7802 -11.9703 -10 0.9
s -37.2198 -11.9703 -10 0.9
s -37.2198 28.0297 -10 0.9
s 3.5455 29.5 -10 0.9
s 3.5455 -10.5 -10 0.9
s -36.4545 -10.5 -10 0.9
s -36.4545 29.5 -10 0.9
s 4.4361 30.898 -10 0.9
s 4.4361 -9.102 -10 0.9
s -35.5639 -9.102 -10 0.9
s -35.5639 30.898 -10 0.9
s 5.4452 32.213 -10 0.9
s 5.4452 -7.787 -10 0.9
s -34.5548 -7.787 -10 0.9
s -34.5548 32.213 -10 0.9
s 6.565 33.435 -10 0.9
s 6.565 -6.565 -10 0.9
s -33.435 -6.565 -10 0.9
s -33.435 33.435 -10 0.9
s 7.787 34.5548 -10 0.9
s 7.787 -5.4452 -10 0.9
s -32.213 -5.4452 -10 0.9
s -32.213 34.5548 -10 0.9
s 9.102 35.5639 -10 0.9
s 9.102 -4.4361 -10 0.9
s -30.898 -4.4361 -10 0.9
s -30.898 35.5639 -10 0.9
s 10.5 36.4545 -10 0.9
s 10.5 -3.5455 -10 0.9
s -29.5 -3.5455 -10 0.9
s -29.5 36.4545 -10 0.9
s 11.9703 37.2198 -10 0.9
s 11.9703 -2.7802 -10 0.9
s -28.0297 -2.7802 -10 0.9
s -28.0297 37.2198 -10 0.9
s 13.5016 37.8542 -10 0.9
s 13.5016 -2.1458 -10 0.9
s -26.4984 -2.1458 -10 0.9
s -26.4984 37.8542 -10 0.9
s 15.0824 38.3526 -10 0.9
s 15.0824 -1.6474 -10 0.9
s -24.9176 -1.6474 -10 0.9
s -24.9176 38.3526 -10 0.9
s 16.7007 38.7113 -10 0.9
s 16.7007 -1.2887 -10 0.9
s -23.2993 -1.2887 -10 0.9
s -23.2993 38.7113 -10 0.9
s 18.344 38.9277 -10 0.9
s 18.344 -1.0723 -10 0.9
s -21.656 -1.0723 -10 0.9
s -21.656 38.9277 -10 0.9
s 20 39 -10 0.9
s 20 -1 -10 0.9
s -20 -1 -10 0.9
s -20 39 -10 0.9

 
/ one grey ground plane
m .0 0.0 0.0 0.0 0.0 0.0 10. 0.5 0.5 0.5
p 0.0 0.0 1.0 20.0
 
/ one point light
l p -50. 30. 25 100000.0 100000.0 100000.0
/l p -100 190 120 50000.0 50000.0 50000.0 

/ ambient light
l a 0.05 0.05 0.05

/ camera: pointing towards -Z, 35mmx25mm "film", 35mm focal length
/ making 160x120 pixels
/c -5.2 6.3 150 0.1 -0.1 -.9 35.0 35.0 25.0 320 240
/c -5.2 6.3 150 0.1 -0.1 -.9 35.0 35.0 25.0 960 720
c -35. 30. 30. .6 -.45 -1 35.0 35.0 25.0 496 372 

/o transparent_sphere 1.52 1
